"id"	"sample0001"	"sample0002"	"sample0003"	"sample0004"	"sample0005"	"sample0006"	"sample0007"	"sample0008"	"sample0009"	"sample0010"	"sample0011"	"sample0012"	"sample0013"	"sample0014"	"sample0015"	"sample0016"	"sample0017"	"sample0018"	"sample0019"	"sample0020"	"sample0021"	"sample0022"	"sample0023"	"sample0024"	"sample0025"	"sample0026"	"sample0027"	"sample0028"	"sample0029"	"sample0030"	"sample0031"	"sample0032"	"sample0033"	"sample0034"	"sample0035"	"sample0036"	"sample0037"	"sample0038"	"sample0039"	"sample0040"	"sample0041"	"sample0042"	"sample0043"	"sample0044"	"sample0045"	"sample0046"	"sample0047"	"sample0048"	"sample0049"	"sample0050"
"snp000001"	0	0	0	0	1	1	1	1	2	2	1	1	2	2	1	1	1	1	2	2	1	0	2	2	1	1	1	0	0	0	0	0	1	1	2	2	0	0	1	1	1	1	0	1	0	1	1	2	1	0
"snp000002"	1	1	2	2	2	2	2	2	0	0	0	0	2	2	1	1	1	1	1	1	1	0	2	1	1	1	1	2	0	1	2	1	2	1	2	2	2	1	0	0	1	1	1	1	0	1	1	1	1	0
"snp000003"	0	0	1	1	1	1	1	1	1	1	1	1	2	2	1	1	1	1	1	1	2	1	2	1	0	0	1	2	0	1	1	1	1	0	2	1	1	0	0	1	0	0	0	1	1	2	2	2	1	0
"snp000004"	1	1	1	1	1	1	1	1	1	1	2	2	1	1	0	0	2	2	2	2	1	0	1	0	1	1	2	2	1	1	2	1	1	0	1	1	1	0	0	1	1	0	1	1	1	2	2	2	0	0
"snp000005"	2	2	1	1	1	1	1	1	0	0	2	2	1	1	0	0	1	1	2	2	1	1	0	0	2	1	2	2	0	1	1	1	1	1	2	2	2	2	0	1	0	1	1	1	2	2	0	2	1	2
"snp000006"	2	2	2	2	1	1	2	2	0	0	2	2	1	1	1	1	1	1	2	2	1	0	0	0	1	1	2	2	1	1	1	1	1	1	1	1	1	0	0	1	1	1	1	1	2	2	0	2	0	1
"snp000007"	2	2	2	2	1	1	2	2	2	2	1	1	1	1	0	0	0	0	1	1	2	1	0	0	1	1	0	1	0	0	1	1	2	2	1	1	1	1	0	1	2	1	1	0	2	1	1	2	2	1
"snp000008"	2	2	1	1	0	0	1	1	1	1	2	2	1	1	0	0	1	1	1	1	0	1	0	0	2	2	1	1	0	0	1	2	2	2	1	1	2	2	1	0	1	1	1	1	1	0	1	1	2	1
"snp000009"	1	1	1	1	1	1	1	1	1	1	1	1	1	1	0	0	2	2	2	2	1	1	2	1	2	2	1	2	1	2	1	2	1	2	1	1	2	2	0	0	0	1	1	2	0	0	1	1	2	2
"snp000010"	1	1	0	0	0	0	2	2	1	1	2	2	2	2	0	0	0	0	2	2	1	1	1	0	1	1	0	0	0	1	2	2	0	1	0	1	2	2	0	1	1	2	1	1	1	0	1	1	0	2
"snp000011"	1	1	0	0	1	1	1	1	1	1	1	1	2	2	0	0	1	1	0	0	1	1	2	1	1	1	1	2	1	1	2	2	1	2	1	2	2	2	1	2	1	0	0	1	2	1	2	0	0	2
"snp000012"	1	1	1	1	1	1	0	0	1	1	1	1	1	1	0	0	1	1	1	1	1	0	1	0	1	1	0	0	1	1	2	2	2	2	1	2	1	1	2	1	1	1	1	1	1	1	2	1	0	2
"snp000013"	0	0	1	1	1	1	0	0	1	1	1	1	1	1	1	1	1	1	1	1	0	0	1	1	0	1	0	0	2	1	2	2	1	2	0	1	2	1	1	1	0	1	1	1	1	0	1	1	1	2
"snp000014"	0	0	0	0	0	0	0	0	1	1	1	1	1	1	2	2	2	2	1	1	2	1	2	1	2	1	0	0	2	2	2	2	2	1	1	2	2	1	2	1	0	2	1	2	1	0	2	1	2	2
"snp000015"	0	0	0	0	0	0	1	1	1	1	2	2	2	2	0	0	2	2	0	0	2	2	1	0	2	1	1	1	1	1	1	0	2	1	1	1	2	1	2	2	1	1	2	2	1	2	2	0	1	0
"snp000016"	0	0	0	0	1	1	0	0	1	1	2	2	0	0	0	0	2	2	2	2	1	0	1	0	1	1	2	1	2	1	1	1	2	2	0	0	1	2	2	2	1	0	1	1	1	1	2	0	1	0
"snp000017"	0	0	2	2	1	1	1	1	0	0	2	2	1	1	1	1	1	1	1	1	1	0	1	1	1	1	2	1	2	2	0	1	2	2	1	0	1	2	2	2	1	2	0	1	0	0	2	0	1	2
"snp000018"	0	0	2	2	1	1	0	0	1	1	1	1	1	1	0	0	0	0	1	1	2	1	1	1	2	2	2	2	2	1	0	1	1	2	1	2	1	0	1	1	1	2	1	1	1	0	2	0	1	0
"snp000019"	1	1	1	1	1	1	1	1	1	1	1	1	1	1	0	0	1	1	1	1	2	1	1	1	1	0	1	2	1	0	1	2	1	2	1	2	0	0	0	1	1	1	0	2	2	1	1	1	0	1
"snp000020"	1	1	2	2	1	1	1	1	2	2	1	1	0	0	0	0	1	1	0	0	2	1	0	1	0	0	0	0	1	0	2	1	1	1	2	1	1	1	2	2	2	1	0	2	1	0	0	1	0	0
"snp000021"	1	1	1	1	2	2	0	0	1	1	1	1	0	0	1	1	1	1	0	0	2	1	0	1	0	0	0	1	0	1	1	1	2	2	1	1	0	1	2	1	2	2	1	1	1	1	0	1	1	1
"snp000022"	1	1	0	0	2	2	1	1	1	1	1	1	0	0	1	1	2	2	0	0	2	1	2	2	1	1	0	1	2	1	0	1	2	1	1	1	0	1	2	2	2	2	1	0	1	1	2	1	1	2
"snp000023"	1	1	1	1	1	1	1	1	1	1	0	0	0	0	1	1	1	1	1	1	0	0	1	2	0	0	0	0	2	2	0	1	2	1	1	1	0	0	0	1	1	2	1	1	1	1	2	2	1	2
"snp000024"	1	1	1	1	1	1	1	1	1	1	0	0	0	0	1	1	1	1	2	2	1	1	1	2	0	0	1	1	2	2	0	1	2	2	1	1	0	1	1	2	1	1	1	1	1	1	0	1	1	0
"snp000025"	1	1	2	2	1	1	1	1	1	1	0	0	1	1	1	1	2	2	2	2	1	1	1	2	0	0	1	1	1	1	0	1	2	2	1	1	0	1	2	1	1	1	1	0	1	1	1	1	1	1
"snp000026"	1	1	2	2	1	1	1	1	1	1	2	2	0	0	1	1	2	2	1	1	0	1	0	1	0	0	1	1	0	0	0	1	2	2	2	1	0	1	1	1	2	2	1	0	0	2	1	1	0	0
"snp000027"	2	2	2	2	1	1	1	1	2	2	2	2	0	0	1	1	2	2	2	2	1	2	1	1	1	1	0	0	1	0	0	1	2	1	0	1	1	1	0	0	2	1	2	0	1	1	0	1	0	0
"snp000028"	0	0	2	2	0	0	1	1	2	2	0	0	0	0	0	0	2	2	2	2	1	1	1	1	2	1	1	1	1	0	1	2	1	0	0	1	0	1	0	0	1	2	2	0	1	1	2	0	1	0
"snp000029"	0	0	2	2	2	2	0	0	1	1	2	2	0	0	1	1	1	1	1	1	1	1	1	1	1	1	1	2	1	0	1	2	1	1	1	2	0	1	1	0	0	1	2	0	1	1	1	2	2	0
"snp000030"	1	1	2	2	2	2	1	1	1	1	2	2	1	1	1	1	1	1	1	1	0	0	1	0	1	2	1	2	1	0	2	2	1	0	1	1	1	1	1	0	0	2	0	1	2	2	0	2	2	0
"snp000031"	1	1	2	2	2	2	2	2	0	0	2	2	1	1	0	0	2	2	2	2	0	1	0	1	2	2	1	2	2	2	2	2	1	1	1	2	1	1	1	1	0	0	1	1	1	0	0	2	2	1
"snp000032"	0	0	1	1	1	1	1	1	0	0	1	1	1	1	0	0	1	1	2	2	1	1	0	1	1	2	1	2	1	2	2	1	0	1	1	1	1	1	2	2	0	0	2	1	1	1	1	2	1	0
"snp000033"	1	1	2	2	1	1	1	1	1	1	0	0	0	0	0	0	1	1	1	1	0	0	2	2	1	1	2	2	1	1	2	1	0	1	1	0	2	2	1	0	0	1	2	2	0	2	2	1	0	2
"snp000034"	1	1	2	2	2	2	1	1	1	1	1	1	0	0	1	1	0	0	1	1	1	1	1	2	1	2	2	2	0	0	1	0	1	1	1	0	1	1	2	1	2	1	2	1	2	2	1	1	1	2
"snp000035"	1	1	1	1	2	2	1	1	0	0	2	2	0	0	1	1	1	1	1	1	1	1	1	1	0	1	2	2	1	1	1	1	0	1	1	0	1	2	1	0	1	2	1	0	1	1	2	2	2	0
"snp000036"	2	2	1	1	2	2	1	1	0	0	1	1	2	2	0	0	0	0	1	1	0	1	2	1	0	1	0	1	1	1	1	0	1	2	1	0	1	1	1	0	1	0	2	1	1	1	0	2	1	2
"snp000037"	2	2	2	2	2	2	0	0	0	0	0	0	2	2	1	1	0	0	0	0	0	1	2	1	1	2	1	1	0	0	2	1	0	0	1	0	2	1	1	1	1	1	1	2	1	1	1	2	0	1
"snp000038"	1	1	1	1	1	1	0	0	0	0	0	0	0	0	0	0	1	1	0	0	0	0	2	1	1	2	1	0	1	1	1	0	0	0	1	0	1	0	1	1	0	1	1	0	0	1	1	2	0	1
"snp000039"	1	1	1	1	1	1	0	0	1	1	0	0	1	1	1	1	1	1	1	1	0	0	2	1	1	2	1	1	1	1	2	1	1	1	1	0	2	1	2	2	0	1	0	0	1	0	1	2	2	2
"snp000040"	1	1	1	1	1	1	2	2	1	1	1	1	1	1	2	2	2	2	1	1	1	1	0	0	1	2	2	2	0	1	2	1	1	0	1	0	2	1	2	2	1	0	1	0	1	0	0	1	2	2
"snp000041"	0	0	1	1	0	0	1	1	2	2	2	2	0	0	0	0	2	2	1	1	1	1	1	0	1	2	2	2	0	1	2	1	1	1	1	1	2	2	1	0	1	1	1	0	1	1	1	2	1	1
"snp000042"	1	1	2	2	0	0	1	1	2	2	1	1	2	2	0	0	1	1	1	1	0	1	0	1	2	2	0	1	0	0	2	1	2	1	1	1	1	0	0	0	1	1	1	1	1	1	0	2	1	1
"snp000043"	0	0	2	2	1	1	0	0	2	2	2	2	1	1	1	1	1	1	1	1	1	1	1	2	0	1	1	1	0	0	2	2	1	2	0	0	1	0	1	2	1	1	1	1	1	2	1	2	1	1
"snp000044"	0	0	1	1	1	1	1	1	1	1	2	2	1	1	1	1	0	0	1	1	1	1	1	2	0	0	1	1	0	1	2	1	0	0	1	0	1	1	2	2	0	1	0	1	1	2	1	2	0	2
"snp000045"	1	1	1	1	1	1	0	0	1	1	1	1	2	2	1	1	0	0	1	1	2	1	2	2	0	1	1	1	1	2	1	0	1	0	1	0	1	1	1	1	2	1	1	2	1	1	0	0	0	2
"snp000046"	1	1	1	1	1	1	1	1	1	1	1	1	2	2	1	1	1	1	2	2	2	1	1	1	0	1	1	1	1	1	0	0	1	0	1	1	2	2	0	1	2	1	2	2	1	0	1	0	0	1
"snp000047"	2	2	0	0	1	1	1	1	1	1	0	0	2	2	1	1	2	2	0	0	1	1	0	0	0	0	0	1	0	0	1	0	2	1	0	0	2	2	0	1	2	1	0	0	0	1	1	1	1	1
"snp000048"	2	2	0	0	1	1	0	0	0	0	1	1	1	1	0	0	2	2	1	1	1	1	2	1	0	1	0	1	2	1	1	0	1	2	0	1	1	2	1	0	1	1	0	0	0	2	2	2	2	1
"snp000049"	0	0	2	2	0	0	0	0	1	1	1	1	1	1	1	1	2	2	0	0	1	1	1	1	0	1	2	1	1	0	0	0	1	1	0	1	2	2	1	0	1	0	1	0	2	2	1	2	1	1
"snp000050"	1	1	2	2	0	0	0	0	1	1	0	0	1	1	1	1	2	2	0	0	1	2	2	1	0	1	2	2	1	1	0	0	0	0	0	1	2	1	1	0	1	0	1	1	2	2	2	1	2	2
"snp000051"	1	1	0	0	0	0	0	0	1	1	0	0	2	2	1	1	0	0	0	0	0	1	2	1	0	1	2	2	0	0	1	1	0	0	1	2	1	1	1	0	0	1	1	0	2	1	2	1	2	1
"snp000052"	1	1	1	1	0	0	1	1	2	2	0	0	2	2	1	1	0	0	1	1	0	1	1	1	0	0	2	2	0	0	2	2	0	0	2	2	1	1	1	0	1	1	0	1	2	1	2	1	2	1
"snp000053"	1	1	1	1	1	1	0	0	1	1	1	1	2	2	2	2	0	0	1	1	0	1	0	0	1	1	2	2	0	0	0	1	0	0	1	1	1	1	2	1	1	1	0	1	2	2	1	1	2	1
"snp000054"	0	0	1	1	1	1	0	0	0	0	0	0	2	2	2	2	0	0	0	0	0	1	0	0	1	0	2	2	0	0	2	2	1	0	1	0	1	2	1	1	0	0	1	2	0	2	1	1	2	0
"snp000055"	1	1	0	0	0	0	0	0	0	0	1	1	1	1	0	0	0	0	0	0	1	2	0	1	1	0	1	2	2	1	1	2	1	0	1	1	2	2	2	2	0	1	0	2	0	1	1	1	1	2
"snp000056"	2	2	0	0	0	0	2	2	1	1	2	2	2	2	0	0	1	1	0	0	0	0	0	1	1	0	1	0	2	1	1	2	1	0	1	0	1	1	2	1	0	1	0	2	0	2	1	1	1	2
"snp000057"	1	1	1	1	0	0	2	2	0	0	2	2	1	1	0	0	2	2	0	0	1	1	0	1	1	0	1	0	1	0	1	1	1	0	1	0	1	1	1	1	0	1	1	1	1	2	0	0	1	2
"snp000058"	1	1	2	2	1	1	1	1	1	1	2	2	0	0	1	1	1	1	1	1	1	2	0	1	2	2	1	0	0	0	1	1	1	0	0	0	0	0	1	0	0	1	2	0	1	1	1	1	1	2
"snp000059"	1	1	1	1	1	1	1	1	1	1	1	1	0	0	1	1	0	0	1	1	1	0	2	2	1	1	1	0	1	1	2	2	1	1	1	2	2	1	2	1	0	1	0	0	2	0	2	2	1	2
"snp000060"	1	1	1	1	2	2	1	1	0	0	0	0	1	1	1	1	0	0	1	1	1	0	2	2	1	2	2	1	1	0	2	2	1	1	2	2	2	1	2	1	0	1	0	0	2	0	1	1	0	1
"snp000061"	2	2	1	1	1	1	0	0	1	1	1	1	1	1	2	2	0	0	0	0	1	0	2	1	2	2	2	1	1	0	2	1	1	2	0	1	2	1	2	1	1	1	1	0	0	0	2	1	0	1
"snp000062"	2	2	1	1	1	1	0	0	2	2	0	0	0	0	0	0	0	0	0	0	1	1	2	1	1	1	1	2	2	2	0	0	1	1	0	0	1	1	0	1	1	0	2	0	0	1	0	2	1	1
"snp000063"	2	2	2	2	1	1	2	2	1	1	2	2	0	0	1	1	0	0	0	0	2	1	2	1	2	2	1	1	1	2	1	1	1	1	0	0	1	1	0	0	0	0	2	0	1	1	1	2	1	1
"snp000064"	2	2	1	1	0	0	1	1	1	1	1	1	0	0	2	2	0	0	0	0	0	0	1	1	1	2	0	0	1	1	1	1	2	2	1	1	1	0	1	0	0	1	2	1	1	1	0	1	1	0
"snp000065"	1	1	0	0	1	1	1	1	1	1	0	0	0	0	2	2	2	2	0	0	1	0	1	2	1	2	0	0	1	1	1	1	2	2	2	1	1	0	1	1	0	1	1	1	0	1	0	1	1	0
"snp000066"	2	2	1	1	1	1	1	1	1	1	1	1	1	1	1	1	2	2	0	0	1	0	0	1	2	2	1	0	1	1	2	2	2	2	1	1	1	0	0	0	0	0	2	1	0	1	1	1	0	0
"snp000067"	1	1	1	1	2	2	1	1	1	1	1	1	0	0	1	1	2	2	0	0	1	0	0	1	2	2	1	0	2	2	2	1	1	2	1	1	1	1	0	1	0	1	2	2	0	0	2	1	0	2
"snp000068"	1	1	1	1	1	1	2	2	1	1	1	1	1	1	1	1	0	0	1	1	2	1	0	0	2	1	1	1	1	2	2	1	1	0	1	2	1	0	0	1	1	0	1	0	2	1	1	1	1	1
"snp000069"	1	1	0	0	1	1	2	2	1	1	1	1	1	1	2	2	0	0	2	2	2	1	0	1	1	1	1	1	1	2	2	1	1	0	0	1	1	1	1	0	0	1	1	0	0	0	1	1	1	1
"snp000070"	1	1	0	0	1	1	1	1	1	1	1	1	1	1	2	2	2	2	1	1	0	0	1	2	1	1	1	1	0	0	0	0	0	0	0	1	2	1	0	0	1	1	0	0	0	1	0	1	1	1
"snp000071"	1	1	0	0	1	1	1	1	1	1	1	1	2	2	2	2	1	1	1	1	1	0	1	2	1	1	1	1	0	0	0	0	0	1	0	1	1	2	0	0	2	1	0	0	1	1	1	1	0	1
"snp000072"	1	1	1	1	1	1	0	0	2	2	2	2	2	2	2	2	1	1	1	1	0	0	1	2	2	1	2	2	0	0	0	0	0	1	0	1	0	1	0	1	1	2	1	1	1	1	1	1	0	1
"snp000073"	0	0	1	1	1	1	0	0	1	1	0	0	2	2	2	2	1	1	1	1	0	0	2	1	1	0	2	2	2	2	0	0	0	1	0	0	2	1	0	1	1	1	1	0	1	1	0	0	0	1
"snp000074"	1	1	2	2	1	1	0	0	2	2	0	0	2	2	1	1	0	0	1	1	2	2	2	2	2	1	2	2	1	1	1	1	0	1	0	0	2	1	1	2	0	1	2	1	0	1	1	1	0	2
"snp000075"	0	0	1	1	1	1	0	0	1	1	1	1	2	2	0	0	0	0	0	0	2	2	1	1	2	1	2	2	1	1	1	2	0	0	1	1	2	2	1	2	0	1	2	1	2	2	1	1	2	1
"snp000076"	0	0	2	2	0	0	0	0	0	0	1	1	0	0	0	0	0	0	2	2	2	2	2	2	1	1	2	2	2	2	1	1	0	1	1	0	2	1	0	1	0	2	2	2	2	2	1	2	1	0
"snp000077"	2	2	1	1	0	0	1	1	2	2	1	1	0	0	1	1	0	0	2	2	1	2	2	2	1	0	0	1	2	2	2	1	1	2	0	0	2	1	1	1	0	0	2	1	2	2	0	1	1	1
"snp000078"	2	2	2	2	0	0	1	1	2	2	1	1	0	0	2	2	1	1	2	2	2	2	1	2	1	0	0	0	1	2	1	1	0	1	0	0	1	0	1	1	1	1	2	1	2	1	0	1	1	1
"snp000079"	0	0	2	2	2	2	1	1	1	1	2	2	2	2	2	2	2	2	2	2	2	2	1	2	1	2	1	1	1	2	1	2	1	1	0	0	1	1	0	1	1	1	2	1	2	1	0	0	1	1
"snp000080"	1	1	1	1	1	1	1	1	2	2	2	2	0	0	2	2	2	2	2	2	1	1	1	2	2	2	1	1	1	2	0	0	2	2	1	1	1	1	1	2	0	2	1	0	1	1	0	1	1	0
"snp000081"	2	2	0	0	0	0	1	1	2	2	2	2	0	0	2	2	1	1	1	1	2	2	1	2	2	2	2	2	1	2	1	1	1	0	1	1	1	2	1	2	0	2	2	2	1	2	0	1	0	1
"snp000082"	2	2	2	2	1	1	1	1	2	2	0	0	1	1	2	2	0	0	1	1	1	1	1	2	1	1	1	1	1	1	1	1	0	0	1	1	1	1	1	1	1	2	2	2	0	0	0	2	0	1
"snp000083"	1	1	2	2	2	2	1	1	1	1	0	0	1	1	1	1	2	2	1	1	1	2	2	1	1	0	1	1	0	0	1	1	0	1	0	1	2	2	0	1	2	2	1	2	1	0	0	1	0	2
"snp000084"	1	1	2	2	2	2	1	1	1	1	0	0	1	1	0	0	1	1	0	0	1	1	2	1	1	0	2	2	0	0	0	0	2	2	0	1	2	2	1	1	1	1	0	1	1	1	1	1	0	2
"snp000085"	0	0	1	1	1	1	1	1	1	1	0	0	0	0	0	0	1	1	0	0	1	2	1	1	1	0	2	1	2	2	2	2	1	2	0	1	2	2	1	1	0	0	1	1	0	2	0	0	1	1
"snp000086"	0	0	0	0	1	1	1	1	2	2	1	1	0	0	0	0	1	1	0	0	2	2	1	0	1	0	2	1	2	2	1	2	1	1	1	0	2	1	0	0	1	0	0	1	0	2	1	1	0	1
"snp000087"	0	0	1	1	1	1	1	1	2	2	1	1	1	1	0	0	2	2	2	2	0	1	1	0	0	0	1	2	2	1	1	2	0	1	1	0	2	2	1	1	2	2	0	1	1	0	2	0	0	2
"snp000088"	0	0	2	2	0	0	2	2	1	1	1	1	0	0	1	1	2	2	1	1	0	0	2	1	0	1	2	2	1	1	2	1	0	0	0	0	2	2	1	2	1	1	0	0	1	1	2	1	0	2
"snp000089"	1	1	2	2	0	0	2	2	2	2	1	1	0	0	1	1	2	2	1	1	1	0	2	1	1	1	1	2	2	1	2	2	0	1	1	0	0	1	0	1	1	0	1	0	2	1	2	1	0	0
"snp000090"	2	2	2	2	1	1	1	1	2	2	2	2	0	0	1	1	2	2	1	1	1	0	1	0	2	2	1	2	1	0	1	0	0	1	1	0	1	1	1	1	1	1	1	1	0	1	2	1	1	1
"snp000091"	2	2	1	1	1	1	2	2	1	1	2	2	1	1	0	0	2	2	1	1	1	0	1	0	2	1	1	2	2	2	1	0	1	1	1	1	2	2	1	1	1	1	0	1	0	1	2	1	2	0
"snp000092"	1	1	1	1	1	1	2	2	2	2	1	1	1	1	0	0	2	2	1	1	1	0	1	0	2	1	1	0	1	1	2	1	0	0	1	0	1	2	1	1	0	1	1	1	0	1	2	0	1	0
"snp000093"	1	1	0	0	1	1	1	1	2	2	2	2	1	1	1	1	1	1	1	1	1	1	1	0	0	1	1	0	1	2	1	0	0	0	0	1	0	1	0	0	1	1	0	1	0	1	2	1	1	1
"snp000094"	2	2	0	0	1	1	1	1	2	2	1	1	1	1	0	0	1	1	0	0	2	2	0	1	0	1	2	1	1	2	1	1	1	0	0	1	1	1	0	0	1	1	0	1	1	0	2	1	0	1
"snp000095"	0	0	1	1	0	0	1	1	1	1	2	2	1	1	1	1	1	1	1	1	1	1	1	2	1	0	2	2	1	2	1	1	1	0	1	1	1	1	2	2	1	0	1	2	1	0	2	1	1	2
"snp000096"	2	2	1	1	1	1	1	1	1	1	1	1	1	1	0	0	1	1	0	0	1	0	0	1	1	1	1	0	1	1	1	2	1	1	1	1	1	1	0	1	1	0	1	2	2	1	1	1	0	1
"snp000097"	1	1	1	1	1	1	1	1	2	2	0	0	2	2	1	1	2	2	0	0	1	0	0	1	1	1	1	1	1	0	1	1	1	1	1	1	1	1	1	0	1	0	1	2	2	0	1	1	1	1
"snp000098"	1	1	1	1	1	1	2	2	2	2	0	0	1	1	2	2	1	1	1	1	1	2	0	1	1	1	0	1	1	0	1	1	2	2	1	1	2	2	1	0	2	1	2	2	2	0	2	1	0	1
"snp000099"	0	0	1	1	1	1	1	1	1	1	0	0	0	0	0	0	0	0	1	1	1	2	2	2	1	1	0	1	1	0	2	2	2	2	0	0	1	0	1	0	1	1	2	2	1	1	1	2	0	1
"snp000100"	1	1	2	2	1	1	1	1	1	1	2	2	0	0	1	1	0	0	1	1	2	1	1	1	2	2	0	1	1	1	0	1	1	2	2	1	1	1	1	1	0	1	2	1	0	1	1	1	0	1
